0 53.905179 -2.170724
1 55.898642 -3.693914
2 54.286569 -0.397714
3 55.885909 -4.375530
4 51.569456 -0.764091
5 57.037657 -2.380287
6 53.265294 0.265806
7 52.682287 0.939353
8 54.971392 -1.608566
9 55.930494 -4.036015
10 51.325935 0.230131
11 55.357502 -4.684545
12 52.899083 -2.487423
13 51.496351 -0.087925
14 52.437110 -1.835868
15 54.230784 -2.771813
16 51.208697 -1.470333
17 50.786286 -1.905755
18 51.821410 -0.848125
19 51.776126 -0.018630
20 51.537018 0.091143
21 51.454261 -0.193619
22 52.621343 -2.022794
23 52.439156 -2.010209
24 51.121526 -3.021505
25 50.626325 -2.242024
26 54.683280 -1.439997
27 53.079385 -1.493682
28 55.889941 -4.349948
29 53.078210 -1.582275
30 51.768012 -2.861237
31 57.600449 -4.339427
32 53.375271 -2.898647
33 51.878691 0.551702
34 51.265135 -2.936223
35 51.063008 -2.080590
36 55.009363 -1.510331
37 52.541200 -2.185561
38 51.583661 -0.080306
39 51.328541 -0.516095
40 51.518617 -0.141087
41 51.534771 0.025490
42 50.689391 -4.318603
43 52.454859 -1.973585
44 57.690974 -4.178078
45 53.456124 -1.373780
46 51.533737 0.574796
47 52.582652 -2.020545
48 53.480163 -2.244938
49 51.451210 -0.322406
50 54.360992 -3.080115
51 51.516258 -0.135807
52 52.317192 -2.073834
53 53.602432 -0.836499
54 53.850242 -3.045484
55 50.794334 -1.065225
56 53.433538 -2.202631
57 53.375608 -2.370480
58 53.544508 -0.174080
59 52.550891 -0.213361
60 54.825416 -1.631286
61 55.796353 -4.272941
62 54.555234 -1.295265
63 52.041097 -2.422876
64 51.757589 -0.555104
65 53.490714 -1.165139
66 54.974179 -1.614491
67 51.365775 -0.347222
68 53.054241 -3.072346
69 51.355487 -0.161314
70 51.501364 -0.369840
71 55.891657 -4.114087
72 51.597062 -3.006616
73 55.819797 -4.012254
74 53.268649 -0.445158
75 51.346595 -2.977913
76 52.613251 1.318907
77 50.844482 -3.609386
78 50.633805 -2.051600
79 52.381624 -1.460987
80 52.286920 -0.840578
81 51.631520 0.817581
82 51.632023 -3.945929
83 53.280505 -1.865880
84 53.436564 -1.966348
85 53.323051 -0.943501
86 52.998006 -2.338823
87 51.546878 -0.366916
88 51.063755 0.688003
89 53.487362 -2.227212
90 52.954182 -1.236088
91 52.237354 0.409501
92 55.798042 -4.007701
93 51.106865 -2.998984
94 51.824184 -0.430360
95 50.696774 -1.110563
96 50.779083 0.126983
97 51.247457 1.231613
98 53.805777 -2.758607
99 51.285432 -0.414595
100 53.113434 -1.106399
101 53.878556 -1.911314
102 53.586265 -1.629763
103 53.401466 -1.460780
104 50.686433 -1.090799
105 55.167722 -1.544216
106 51.809364 1.025450
107 51.490791 -0.080580
108 51.703522 -0.395060
109 54.977002 -2.089616
110 53.867351 -3.035630
111 51.486396 0.144469
112 53.476801 -2.875539
113 51.551704 0.029661
114 51.029209 -3.098932
115 52.781327 -0.196256
116 51.509407 -2.078496
117 52.619092 0.838498
118 51.774817 -3.764470
119 51.626586 0.430529
120 52.541432 -1.665916
121 50.398815 -3.488063
122 54.164895 -2.764873
123 51.659522 -4.027223
124 54.973242 -2.105198
125 52.992962 -0.423119
126 50.767012 0.281203
127 51.341029 -0.744244
128 50.830303 -0.409970
129 53.722162 -2.686631
130 51.738912 -1.224088
131 51.320185 -2.459373
132 51.455262 -0.319652
133 55.177629 -1.565143
134 50.807947 -1.903242
135 52.386233 -0.670837
136 54.626409 -1.589843
137 53.030238 -1.196006
138 51.540100 0.788534
139 51.586257 -0.314276
140 53.704742 -0.869476
141 51.424910 -0.082206
142 55.162401 -1.603073
143 52.930476 -1.171523
144 50.715280 -2.444281
145 53.370237 -2.734552
146 51.082750 -1.167157
147 53.314894 -3.411690
148 51.566977 0.552561
149 52.155904 1.043541
150 52.759632 -0.378031
151 54.376669 -2.903773
152 52.399355 -1.554511
153 52.518405 -1.938459
154 53.360464 -1.425085
155 54.953559 -1.721240
156 54.166961 -1.267767
157 50.733899 -1.776801
158 51.748695 0.496077
159 51.957116 -0.248619
160 51.627038 -0.097779
161 51.579751 -1.796931
162 51.550394 -0.920922
163 51.599148 -0.075466
164 53.565382 -0.085008
165 51.421046 -0.928759
166 51.185946 -0.605946
167 51.753034 -0.212684
168 53.778339 -2.740903
169 53.464972 -2.669895
170 53.821701 -1.743823
171 51.093520 -3.184823
172 51.484080 -0.271800
173 52.512136 -2.082059
174 50.994369 -0.111353
175 53.179224 -0.605379
176 51.362472 0.618230
177 50.934266 -1.507993
178 51.409332 -0.162864
179 51.274557 1.106833
180 54.978505 -1.610028
181 55.818313 -4.209683
182 51.539048 -0.103411
183 54.695232 -1.178184
184 51.605531 0.223848
185 55.977088 -3.172783
186 52.382622 -2.142759
187 51.427084 0.000815
188 50.743458 -1.791084
189 52.290997 -1.542901
190 52.082194 0.022920
191 53.185023 -2.526890
192 51.530898 -0.091624
193 53.986840 -1.519636
194 50.854295 -3.748091
195 51.773637 -3.083429
196 53.503552 -1.110550
197 51.268704 1.092803
198 52.552096 -0.115975
199 51.399429 0.477988
200 53.803323 -1.525850
201 53.546982 -2.080507
202 50.735436 -3.518420
203 51.125069 1.321172
204 53.681459 -1.534169
205 51.569545 -4.207867
206 53.227314 -4.111784
207 55.856301 -4.330546
208 51.747164 -2.219525
209 52.761965 -1.962125
210 50.806131 -0.524375
211 53.452928 -2.277639
212 50.839078 -0.982031
213 51.258546 0.523809
214 53.637114 -3.000518
215 55.853462 -4.317658
216 51.612943 0.525931
217 51.230492 -2.315074
218 51.517200 -0.167002
219 55.612934 -2.764385
220 51.459191 -2.504539
221 55.923183 -3.298267
222 52.883981 -2.148445
223 53.683423 -2.459479
224 54.091479 -1.786121
225 56.926748 -2.243965
226 51.359734 -1.377135
227 52.120942 -1.812960
228 51.208083 1.231045
229 53.770477 -1.788922
230 51.055633 -2.743750
231 51.642105 -0.293533
232 51.364453 -0.530822
233 51.018794 -3.105743
234 53.695183 -2.333436
235 57.481329 -3.288037
236 52.750234 -2.367904
237 56.047258 -3.548827
238 55.861492 -4.147062
239 50.757768 -1.620852
240 52.279903 1.360482
241 50.830747 -0.790289
242 53.257725 -1.923782
243 54.829344 -1.703650
244 51.637811 -0.098354
245 50.699155 -2.230321
246 50.817659 -1.162085
247 53.089073 -2.459735
248 52.620240 -1.074374
249 50.623171 -3.393317
250 51.533160 -3.126007
251 53.405100 -3.111732
252 53.561381 -0.620123
253 54.181174 -2.613775
254 54.018810 -0.384897
255 52.560598 -1.366395
256 51.476736 -0.647139
257 55.959483 -3.225591
258 51.993354 -3.833498
259 51.508271 -0.584618
260 51.530052 -0.101565
261 56.005175 -3.718525
262 53.542742 -1.459319
263 56.124079 -3.121386
264 53.612853 -1.346176
265 54.062713 -1.372716
266 50.826334 -0.140818
267 53.269747 -3.918920
268 51.146525 0.883279
269 54.993116 -3.068583
270 51.504113 -2.135410
271 56.017463 -3.827589
272 53.114783 -3.123291
273 51.313619 -0.744160
274 55.880024 -3.932331
275 52.240830 -0.900376
276 50.821776 -1.076064
277 51.481213 0.061441
278 52.589055 -0.251151
279 50.871481 -0.987394
280 52.497144 -2.040242
281 53.781531 -2.678540
282 51.838528 1.145168
283 53.933990 -1.996887
284 51.487606 -2.628771
285 51.497169 -1.984264
286 51.065955 1.059275
287 51.768098 0.083197
288 53.381474 -1.345500
289 52.958564 -1.242293
290 52.060510 1.024266
291 51.332672 -2.895096
292 52.844871 -2.007797
293 54.967079 -1.625711
294 55.151976 -1.770387
295 51.660251 -1.170712
296 50.804173 -0.517539
297 50.986774 -1.493633
298 54.969075 -2.102891
299 51.713976 -0.773980
300 51.607545 -0.197694
301 51.670967 -0.061056
302 51.002392 -0.939397
303 51.616009 -1.301376
304 53.382410 -1.472852
305 52.750418 -1.367957
306 52.772988 -1.201938
307 51.543344 -0.448378
308 57.064602 -2.141331
309 51.430725 -0.336909
310 50.728528 -1.805290
311 52.219662 -0.053555
312 53.795041 -1.590751
313 52.527822 -3.193174
314 52.956744 -1.143735
315 54.919290 -1.369204
316 52.676598 -0.288674
317 53.679473 -1.500929
318 53.483685 -2.988614
319 52.393721 -1.480252
320 54.699821 -1.182979
321 51.838523 -0.852942
322 50.862555 0.558268
323 51.514766 -0.216823
324 52.271356 -1.361351
325 53.561350 -0.061303
326 52.482038 -2.010043
327 53.142338 -4.267516
328 51.827428 -1.307268
329 51.125707 0.007829
330 53.498507 -2.637259
331 54.518548 -1.549183
332 51.652912 -0.521544
333 55.686070 -4.510656
334 51.460648 -2.592876
335 51.316412 0.889762
336 53.934102 -1.377159
337 51.615871 -0.231915
338 57.540279 -2.952939
339 57.151690 -2.084062
340 51.683759 -4.108277
341 51.233759 -0.331673
342 52.793382 1.256712
343 51.150859 -1.326764
344 51.241533 -2.443218
345 51.509888 -3.209284
346 53.396288 -2.156210
347 53.739009 -1.889033
348 51.088126 -1.811696
349 52.792273 0.740898
350 51.782597 -3.215390
351 52.374917 -2.601919
352 51.665454 -1.706327
353 52.233225 -0.262344
354 57.468400 -4.226099
355 53.241635 -3.518057
356 53.569289 -1.744625
357 50.550565 -2.444580
358 51.280230 -2.330024
359 50.730153 -1.164879
360 52.292849 -1.533616
361 50.659587 -1.161292
362 53.552332 -2.152725
363 53.707983 -1.500668
364 53.595806 -1.285473
365 54.869379 -1.481300
366 54.557528 -1.161749
367 53.187855 -1.411307
368 51.506107 -0.095600
369 51.436648 -0.177005
370 51.574385 0.138419
371 55.011303 -1.439269
372 52.646169 -1.159020
373 53.476865 -2.281216
374 54.695088 -1.225834
375 53.525149 -1.597910
376 52.054032 -4.689101
377 53.776662 -0.385225
378 54.110147 -3.211725
379 52.596236 -2.153876
380 51.669473 -0.014669
381 51.831408 -1.308280
382 51.544125 -0.171761
383 50.196218 -5.142527
384 51.456957 0.095039
385 54.698925 -1.516992
386 52.407077 0.797833
387 51.015695 -3.092981
388 52.686817 1.101677
389 52.192254 0.137179
390 51.320214 -0.211619
391 53.800985 -1.520988
392 52.778470 -0.891665
393 51.791817 1.040084
394 51.480292 -0.209930
395 52.809418 1.105150
396 55.510954 -4.480895
397 55.441978 -4.247427
398 53.441289 -2.600210
399 51.353252 -1.158644
400 51.837076 -0.214017
401 52.914244 -1.395645
402 50.909598 -4.331368
403 52.658492 -1.113189
404 51.714988 -2.232107
405 53.487362 -2.227212
406 54.983262 -1.487303
407 53.382559 -2.917879
408 53.494291 -3.002789
409 52.193242 -0.208321
410 57.147460 -2.117122
411 54.960900 -3.022451
412 51.473109 -0.211248
413 53.598941 -0.583584
414 51.876856 0.117205
415 51.442051 -2.494465
416 52.658439 -1.150092
417 52.505849 -1.758148
418 53.376821 -1.500414
419 53.739701 -1.834134
420 56.319744 -3.653385
421 53.654320 -2.327893
422 53.394963 -3.078097
423 52.459581 1.700793
424 55.178929 -1.516546
425 55.816962 -4.160299
426 51.884739 0.582359
427 51.425887 -0.416068
428 52.613356 -1.121987
429 54.992035 -1.693935
430 52.411341 -1.778114
431 55.943157 -3.186039
432 53.550373 -2.498833
433 53.552553 -0.056029
434 53.822866 -1.485055
435 51.349801 -0.151431
436 53.453415 -2.111711
437 52.933879 -1.255132
438 52.634701 -1.086644
439 52.504738 -1.481906
440 52.388469 -2.261135
441 52.440077 -1.817410
442 52.212614 0.121118
443 52.339962 -2.263491
444 53.361146 -1.507269
445 51.824460 -3.024882
446 51.611184 -0.263698
447 56.504491 -3.003609
448 53.748821 -2.502016
449 51.150363 0.277465
450 52.471069 0.608254
451 52.292827 -1.539642
452 51.870860 0.686077
453 50.451358 -3.577976
454 51.785174 -1.971249
455 50.766642 -0.844126
456 50.806416 -1.194942
457 51.362342 -0.167790
458 54.896926 -1.375182
459 51.688772 -1.269690
460 50.769038 0.282436
461 55.078010 -2.963456
462 51.086087 -2.261351
463 51.480400 -0.083076
464 52.824293 1.528012
465 50.724116 -1.882235
466 53.839817 -1.773043
467 53.769674 -2.699104
468 55.505428 -4.335973
469 52.226024 -1.082679
470 53.418049 -2.301651
471 51.527830 -2.498839
472 51.502419 -0.513567
473 54.650045 -1.666102
474 51.692564 0.584411
475 50.533488 -2.446832
476 53.431399 -2.850718
477 56.035937 -3.427289
478 52.600511 -1.614840
479 51.597457 -4.002495
480 50.984030 -0.606389
481 52.193771 0.623856
482 50.743338 -1.986952
483 51.546896 -0.160328
484 50.948409 -1.296623
485 54.865076 -1.408970
486 52.049471 -1.793747
487 53.007052 -2.208807
488 56.378507 -2.888660
489 55.819916 -4.013776
490 56.136862 -3.770327
491 51.371703 0.306653
492 52.044839 -0.009143
493 52.980990 -0.449994
494 53.858894 -1.812531
495 53.570944 -2.425113
496 53.498147 -2.940922
497 54.562661 -1.163252
498 55.309411 -1.911152
499 52.296858 -0.037955
500 51.455587 -2.622113
501 55.699536 -2.334948
502 53.405937 -2.882431
503 52.613357 -0.286193
504 55.845262 -4.421804
505 52.759159 -1.828290
506 52.446644 -1.931438
507 55.953052 -4.767408
508 51.640536 -1.211621
509 56.957842 -2.233086
510 55.544808 -2.565199
511 51.589591 -1.821195
512 55.440767 -4.612783
513 51.833556 -0.456406
514 50.813102 -1.066370
515 52.057548 1.155667
516 51.602652 -0.322593
517 51.451848 -0.294951
518 51.359516 1.442942
519 51.246491 -0.776349
520 53.718165 -1.477090
521 53.645141 -2.115456
522 51.524989 0.447878
523 50.965170 -4.251202
524 54.491804 -1.138562
525 53.668136 -1.535829
526 51.908592 -2.582434
527 51.432177 -0.971756
528 52.510666 -3.321142
529 51.368721 -0.402756
530 53.953113 -1.053834
531 51.509711 -0.138034
532 51.798861 -0.074501
533 51.512372 -0.144786
534 52.176739 -2.231259
535 51.580280 -0.128180
536 51.499876 -0.150696
537 51.553453 -3.355659
538 55.678534 -3.781115
539 53.503463 -1.076388
540 52.928674 -2.356519
541 50.588434 -3.677462
542 51.592213 -0.079210
543 50.790302 -1.089907
544 53.736959 -0.367446
545 51.410601 -0.489715
546 54.626601 -1.832457
547 55.062509 -1.550280
548 52.398621 -1.584809
549 51.465162 -0.160839
550 51.841061 -4.077136
551 53.399205 -2.063638
552 51.521585 0.009914
553 51.485051 -0.158339
554 53.460644 -2.247522
555 51.387456 -2.360673
556 54.315202 -2.725662
557 53.370119 -3.044584
558 53.756938 -2.699089
559 50.130657 -5.527643
560 52.268563 -1.537519
561 51.274627 -0.372315
562 53.383554 -2.240865
563 57.073687 -2.153620
564 50.450486 -4.468792
565 50.838218 -0.332112
566 50.943244 -1.446495
567 56.709265 -3.741420
568 50.833398 -0.316450
569 52.168904 -2.705300
570 53.415361 -1.512782
571 51.749500 -2.210802
572 50.629946 -3.390039
573 54.962719 -1.462232
574 52.773137 -1.205359
575 55.845502 -2.087489
576 50.369584 -4.143005
577 52.414781 -1.510895
578 52.495256 -2.158001
579 53.807110 -1.737960
580 56.568724 -2.578170
581 51.214094 -0.568787
582 55.103064 -2.014514
583 56.254643 -2.866015
584 53.571193 -1.774905
585 52.351207 -1.584989
586 52.455709 -2.365384
587 54.009026 -1.467212
588 51.725370 -3.057850
589 55.814422 -4.160110
590 55.977084 -3.953757
591 52.807770 -2.131852
592 52.355985 -1.312177
593 51.517744 -0.154686
594 53.465594 -1.473691
595 51.330737 -0.503508
596 53.808503 -3.020040
597 51.747030 -2.223971
598 51.520172 -0.143316
599 51.263296 -2.286477
600 51.077792 -2.092306
601 50.824148 -1.209147
602 50.514945 -3.753831
603 53.645125 -1.762804
604 53.834606 -2.987745
605 51.854011 -2.518353
606 52.420064 -1.880161
607 51.253509 0.575429
608 51.383515 -0.090892
609 54.903259 -4.374262
610 53.648500 -2.628339
611 54.535064 -1.206239
612 52.103413 -2.216776
613 50.790259 -1.171030
614 52.916367 1.156452
615 51.675270 -0.732708
616 52.698978 -1.077134
617 53.674229 -1.933737
618 52.116341 1.229684
619 51.234678 -1.085882
620 50.325326 -4.799600
621 52.980809 -1.126399
622 53.347311 -1.364365
623 51.678415 -3.177943
624 51.889793 0.898830
625 54.797517 -1.669881
626 53.748211 -0.321665
627 53.378903 -1.470475
628 52.180837 -2.345795
629 54.997783 -1.432579
630 51.000553 -2.142017
631 51.445332 -0.107599
632 51.564032 0.008813
633 52.615520 -1.993414
634 51.238652 -0.585802
635 51.952557 -1.971798
636 51.449983 -1.002239
637 53.664282 -1.626492
638 51.088665 -1.829256
639 52.485359 -2.127777
640 53.513050 -2.362208
641 51.580910 -0.325832
642 51.439145 -0.388632
643 50.281092 -5.205144
644 55.599442 -4.525009
645 53.636914 -1.503201
646 50.785827 -0.978392
647 51.764264 -0.226254
648 51.589094 -3.012011
649 50.914545 -0.129808
650 53.192741 -2.882865
651 50.855058 -1.185893
652 53.207536 -2.885415
653 51.618694 0.110006
654 53.340448 -1.337102
655 53.537627 -2.200895
656 51.314736 0.893890
657 52.402104 -0.709974
658 55.883902 -3.168708
659 53.436075 -2.969505
660 52.257301 -0.842112
661 53.365043 -2.308580
662 51.866812 -2.489541
663 51.462358 -0.115604
664 51.395416 -2.354181
665 52.585234 -0.272603
666 51.587978 -3.060963
667 52.232457 -1.828892
668 52.351999 1.580755
669 52.633150 0.694800
670 51.456828 -2.608212
671 53.750707 -0.348668
672 51.586950 -0.219888
673 53.043863 -1.969666
674 51.097682 -0.848631
675 51.471752 0.039329
676 58.216186 -6.374484
677 51.384996 -0.111239
678 51.731523 -1.225750
679 53.514410 -2.436852
680 51.658644 -0.206829
681 51.468102 -2.110254
682 51.593444 -0.251713
683 53.168120 -3.145582
684 54.646664 -1.643257
685 51.854808 0.958407
686 56.127361 -3.280154
687 52.502237 -2.167763
688 53.795744 -1.520804
689 51.611872 -0.312099
690 53.711063 -1.332095
691 52.430107 -1.925036
692 53.611721 -0.212663
693 53.523348 -2.657768
694 53.337206 -2.213557
695 52.829259 -2.422627
696 51.245683 0.131461
697 54.944959 -1.443689
698 51.406286 -0.154402
699 50.880318 0.000261
700 51.552394 -3.543958
701 52.795699 -3.074161
702 51.306569 -0.333295
703 51.538872 -0.077721
704 54.158571 -3.176752
705 56.476860 -2.874706
706 51.423234 -2.630547
707 51.564249 0.001897
708 54.934962 -1.603192
709 53.396655 -2.573836
710 52.681238 -0.325905
711 55.912698 -3.224450
712 52.613299 -2.160169
713 53.477178 -2.285979
714 50.531984 -3.601887
715 51.359995 -0.506073
716 53.379565 -1.505448
717 51.869634 0.160750
718 53.872874 -1.907950
719 57.861291 -6.878874
720 52.585305 -1.989758
721 52.398845 -2.010332
722 51.688114 -3.228278
723 51.870530 0.175117
724 51.966873 1.033854
725 50.799149 -1.088401
726 53.603375 -2.884668
727 51.809414 -2.724432
728 53.685644 -1.838752
729 53.596673 -1.799398
730 50.871552 -2.964383
731 51.597485 -0.402800
732 50.956046 0.913023
733 51.419804 -1.006160
734 53.276447 -1.250467
735 51.279616 -0.846040
736 51.795488 -1.001608
737 50.860832 -1.322678
738 51.466555 -2.489706
739 51.420208 -0.185038
740 51.527950 -0.105026
741 53.241941 -0.505679
742 55.039049 -2.064688
743 52.660552 -0.480103
744 51.350303 -0.727089
745 51.450523 -0.019044
746 53.440505 -1.404299
747 50.999126 -0.099145
748 51.639112 0.356506
749 53.443975 -2.762653
750 51.514954 -0.109946
751 51.223847 -2.331582
752 51.471165 -1.129526
753 53.806129 -1.571844
754 51.197710 -4.120200
755 53.443658 -2.070660
756 53.436136 -2.711980
757 50.923757 -1.337529
758 53.254496 -1.897737
759 51.067828 -4.153210
760 53.683997 -2.459773
761 54.091539 -1.392478
762 55.904631 -3.642538
763 53.807895 -1.765516
764 51.513340 -0.125910
765 52.900558 -1.480530
766 50.925517 -0.417555
767 52.758439 -1.605492
768 53.260667 -2.125134
769 51.797003 -4.048207
770 52.696081 -2.739250
771 53.414460 -2.872346
772 50.152923 -5.076289
773 53.178607 -3.487474
774 50.914850 -1.206900
775 51.872440 -1.700334
776 51.460828 -2.576455
777 51.361516 -2.143233
778 50.824896 0.184939
779 51.546522 -0.233105
780 53.395617 -2.236061
781 53.440900 -2.274535
782 55.914155 -3.140036
783 53.370205 -0.751362
784 53.216531 -3.057735
785 53.363981 -2.579347
786 54.525292 -1.048783
787 50.817191 -0.507999
788 50.823356 -0.368648
789 52.653618 0.211983
790 51.889815 0.865299
791 53.783449 -1.062648
792 51.434605 -0.127868
793 50.224137 -5.274476
794 51.524565 -0.112042
795 51.625946 -0.790338
796 51.081507 1.176871
797 52.671165 0.167475
798 51.292903 -0.073282
799 52.484582 -0.701643
800 54.113000 -3.197061
801 53.594550 -1.296584
802 52.738617 -2.735437
803 50.802448 -0.695328
804 51.835282 -3.012806
805 52.360704 -2.959579
806 50.989262 -1.723562
807 52.765128 -0.877257
808 50.903971 -3.301517
809 53.682542 -1.493141
810 51.410730 -0.858027
811 51.811650 -0.297276
812 52.558449 -3.149973
813 52.282808 -1.538690
814 51.348798 -0.006919
815 53.728997 -1.350561
816 52.640254 -0.639401
817 52.723708 -2.106220
818 53.595976 -1.283913
819 51.902443 0.143804
820 51.781101 1.114736
821 53.608455 -2.330394
822 51.129186 0.865632
823 50.737352 -2.907277
824 52.547584 -0.310260
825 53.782690 -1.248474
826 53.403780 -2.979224
827 53.167764 -3.074905
828 51.380281 -0.339026
829 52.713145 -2.749116
830 53.006238 -1.768627
831 52.238178 0.917506
832 53.971942 -1.047981
833 51.530659 0.088141
834 55.841132 -4.338935
835 52.693973 -1.839539
836 51.898427 -1.575495
837 51.111235 -3.062306
838 51.579914 0.179526
839 51.412216 -0.100612
840 51.017769 -4.250099
841 52.230230 0.149869
842 51.916182 -2.081502
843 52.435552 -1.846847
844 51.270229 -1.088818
845 51.756465 -0.327273
846 52.057858 -0.847757
847 51.406776 0.538076
848 53.479172 -2.198027
849 51.557592 0.225606
850 51.727755 0.683056
851 51.546617 -1.790964
852 51.451676 -2.482625
853 51.769291 -1.591416
854 50.872980 -1.354209
855 51.502540 -0.597835
856 51.146130 0.211257
857 53.507673 -2.564569
858 53.013867 -2.217992
859 52.982091 -2.154576
860 53.330674 -4.377072
861 55.853198 -4.332566
862 54.946290 -1.588655
863 51.383129 0.041868
864 55.887348 -4.208489
865 53.171319 -2.318003
866 51.088547 1.142733
867 56.009962 -4.749626
868 51.557823 -0.616822
869 51.410190 0.062846
870 53.759035 -2.381447
871 53.262469 -4.094309
872 53.227797 -1.403135
873 51.469750 0.165517
874 52.760052 -0.376503
875 51.469877 -0.403445
876 52.513961 -1.826505
877 51.117773 0.873628
878 53.022811 -1.482179
879 51.184466 -2.675257
880 52.551212 -1.373137
881 53.922067 -2.182731
882 52.662758 -1.141876
883 54.797202 -3.264890
884 51.615666 0.429772
885 51.515297 -0.158085
886 52.287920 -0.678164
887 55.849012 -3.143734
888 53.517359 -2.345866
889 51.477650 0.011827
890 53.540854 -1.447588
891 52.508109 -1.895967
892 53.441609 -2.197641
893 50.270095 -3.673208
894 51.350721 -1.977005
895 53.327327 -2.228567
896 55.187185 -1.662869
897 52.931509 -1.484771
898 51.320490 -0.877030
899 52.439184 -2.003531
900 52.960533 -0.036640
901 50.813155 -0.362034
902 51.526909 -0.109624
903 52.497200 -1.942274
904 51.571135 0.130200
905 57.540604 -2.939600
906 53.870494 -0.193783
907 50.729334 -0.780872
908 50.236024 -5.261265
909 53.698449 -1.516624
910 53.372250 -3.156615
911 50.958466 -2.374966
912 51.614227 -3.003457
913 51.350774 -0.269252
914 55.925769 -3.509694
915 51.166403 1.292510
916 54.049914 -2.769219
917 54.591700 -1.016392
918 51.891748 -0.372842
919 53.751413 -1.641128
920 51.973991 -0.874978
921 50.746237 -1.864023
922 51.418470 -0.025233
923 51.170413 -0.652517
924 52.632629 -1.645542
925 51.483973 -0.377633
926 52.995810 -2.138817
927 54.957707 -1.475182
928 53.362074 -2.151382
929 53.772123 -0.334004
930 50.984835 -1.370282
931 52.453254 1.731784
932 51.439168 -0.121307
933 52.952881 -1.150256
934 53.480963 -2.897399
935 50.729116 -1.830890
936 51.608615 -0.128170
937 51.752493 -3.381372
938 51.351257 1.038536
939 55.185762 -1.583461
940 53.031037 -2.217929
941 51.132884 1.275012
942 52.152266 1.601890
943 55.825669 -4.057691
944 53.205022 -1.157885
945 51.502297 -0.995896
946 50.161692 -5.012254
947 51.542992 -0.310914
948 52.067705 -1.631793
949 51.446357 -0.149290
950 51.574748 0.042320
951 53.475765 -1.581939
952 54.880807 -3.815083
953 52.634780 1.296767
954 52.406128 -4.068730
955 52.228362 0.124944
956 52.681581 -1.090932
957 53.342583 -2.842671
958 53.764281 -0.292835
959 54.941771 -1.536362
960 52.344204 -1.755991
961 50.636389 -1.180809
962 51.632340 -0.097571
963 52.418766 -1.846199
964 50.437125 -3.590880
965 51.459492 -0.035757
966 55.972802 -4.193212
967 51.516908 -0.164434
968 50.739611 -1.813535
969 52.412501 -0.718669
970 53.876323 -1.667515
971 51.532208 -0.040702
972 50.427072 -3.565539
973 51.675531 -0.607310
974 53.160014 -1.048030
975 55.922932 -3.223557
976 52.712540 -2.777334
977 50.754925 -1.801949
978 51.408999 -0.228231
979 52.796209 1.265751
980 51.307310 -0.723687
981 50.465414 -3.503384
982 53.082913 -0.862677
983 53.012090 -1.135918
984 51.675639 -4.916293
985 50.792534 -1.092360
986 55.554472 -4.617980
987 50.955280 -1.212149
988 51.889593 -2.098280
989 52.590829 1.051313
990 51.802005 -0.171152
991 51.430524 0.755639
992 52.612516 -1.982235
993 51.480127 -0.169540
994 52.654650 -2.477957
995 51.510437 -0.474758
996 55.618609 -4.499828
997 52.781083 -0.900984
998 51.428462 -0.009870
999 51.443871 -2.544313
